PolyLines
x v
2203 rows, 2 columns
0	-80.0158
0.5	-80.0158
1	-80.0169
2.5	-80.02
4	-80.0232
27	-80.0348
50	-80.0333
137.583	-80.0277
225.167	-80.0207
312.75	-80.0137
400.333	-80.012
487.917	-80.0103
575.5	-80.0103
663.083	-80.0103
750.667	-80.0117
838.25	-80.0132
925.833	-80.0192
1013.42	-80.0252
1101	-80.0302
1124	-80.0315
1147	-80.0222
1148.5	-80.0196
1150	-80.0172
1150.5	-80.0164
1151	-80.0172
1152.5	-80.0196
1154	-80.0221
1177	-80.0312
1200	-80.0298
1287.58	-80.0243
1375.17	-80.0182
1462.75	-80.0121
1550.33	-80.0107
1637.92	-80.0092
1725.5	-80.0092
1813.08	-80.0092
1900.67	-80.0105
1988.25	-80.0119
2075.83	-80.0172
2163.42	-80.0226
2251	-80.0274
2274	-80.0286
2297	-80.0211
2298.5	-80.019
2300	-80.0171
2300.5	-80.0164
2301	-80.0171
2302.5	-80.019
2304	-80.021
2327	-80.0284
2350	-80.027
2437.58	-80.0217
2525.17	-80.0163
2612.75	-80.0109
2700.33	-80.0097
2787.92	-80.0084
2875.5	-80.0084
2963.08	-80.0084
3050.67	-80.0097
3138.25	-80.0109
3225.83	-80.0158
3313.42	-80.0207
3401	-80.0252
3424	-80.0264
3447	-80.0201
3448.5	-80.0184
3450	-80.0168
3450.5	-80.0163
3451	-80.0168
3452.5	-80.0183
3454	-80.02
3477	-80.0262
3500	-80.0249
3587.58	-80.0198
3675.17	-80.015
3762.75	-80.0101
3850.33	-80.0089
3937.92	-80.0078
4025.5	-80.0078
4113.08	-80.0079
4200.67	-80.009
4288.25	-80.0102
4375.83	-80.0147
4463.42	-80.0193
4551	-80.0236
4574	-80.0248
4597	-80.0193
4598.5	-80.0178
4600	-80.0165
4600.5	-80.016
4601	-80.0164
4602.5	-80.0178
4604	-80.0192
4627	-80.0246
4650	-80.0233
4737.58	-80.0185
4825.17	-80.0139
4912.75	-80.0094
5000.33	-80.0084
5087.92	-80.0073
5175.5	-80.0074
5263.08	-80.0075
5350.67	-80.0086
5438.25	-80.0097
5525.83	-80.014
5613.42	-80.0183
5701	-80.0225
5724	-80.0236
5747	-80.0187
5748.5	-80.0174
5750	-80.0162
5750.5	-80.0158
5751	-80.0162
5752.5	-80.0173
5754	-80.0186
5777	-80.0234
5800	-80.0221
5887.58	-80.0175
5975.17	-80.0132
6062.75	-80.009
6150.33	-80.008
6237.92	-80.007
6325.5	-80.0071
6413.08	-80.0072
6500.67	-80.0083
6588.25	-80.0094
6675.83	-80.0135
6763.42	-80.0176
6851	-80.0217
6874	-80.0227
6897	-80.0183
6898.5	-80.0171
6900	-80.016
6900.5	-80.0156
6901	-80.016
6902.5	-80.017
6904	-80.0182
6927	-80.0225
6950	-80.0213
7037.58	-80.0168
7125.17	-80.0127
7212.75	-80.0087
7300.33	-80.0078
7387.92	-80.0068
7475.5	-80.0069
7563.08	-80.007
7650.67	-80.0081
7738.25	-80.0092
7825.83	-80.0132
7913.42	-80.0172
8001	-80.0212
8024	-80.0222
8047	-80.0181
8048.5	-80.0169
8050	-80.0159
8050.5	-80.0156
8051	-80.0159
8052.5	-80.0169
8054	-80.018
8077	-80.022
8100	-80.0209
8187.58	-80.0164
8275.17	-80.0124
8362.75	-80.0085
8450.33	-80.0076
8537.92	-80.0067
8625.5	-80.0068
8713.08	-80.0069
8800.67	-80.008
8888.25	-80.0091
8975.83	-80.013
9063.42	-80.017
9151	-80.021
9174	-80.022
9197	-80.018
9198.5	-80.017
9200	-80.016
9200.5	-80.0157
9201	-80.016
9202.5	-80.0169
9204	-80.018
9227	-80.0218
9250	-80.0206
9337.58	-80.0161
9425.17	-80.0123
9512.75	-80.0084
9600.33	-80.0075
9687.92	-80.0067
9775.5	-80.0068
9863.08	-80.0069
9950.67	-80.008
10038.2	-80.0091
10125.8	-80.013
10213.4	-80.0169
10301	-80.021
10324	-80.022
10347	-80.0182
10348.5	-80.0171
10350	-80.0162
10350.5	-80.0159
10351	-80.0162
10352.5	-80.0171
10354	-80.0181
10377	-80.0218
10400	-80.0206
10487.6	-80.016
10575.2	-80.0122
10662.8	-80.0084
10750.3	-80.0075
10837.9	-80.0066
10925.5	-80.0068
11013.1	-80.0069
11100.7	-80.008
11188.2	-80.0091
11275.8	-80.013
11363.4	-80.017
11451	-80.0211
11474	-80.0222
11497	-80.0184
11498.5	-80.0173
11500	-80.0165
11500.5	-80.0162
11501	-80.0164
11502.5	-80.0173
11504	-80.0183
11527	-80.022
11550	-80.0207
11637.6	-80.016
11725.2	-80.0122
11812.8	-80.0084
11900.3	-80.0075
11987.9	-80.0067
12075.5	-80.0068
12163.1	-80.007
12250.7	-80.0081
12338.2	-80.0092
12425.8	-80.0132
12513.4	-80.0172
12601	-80.0214
12624	-80.0226
12647	-80.0187
12648.5	-80.0177
12650	-80.0168
12650.5	-80.0165
12651	-80.0168
12652.5	-80.0176
12654	-80.0186
12677	-80.0223
12700	-80.021
12787.6	-80.0162
12875.2	-80.0124
12962.8	-80.0085
13050.3	-80.0077
13137.9	-80.0068
13225.5	-80.007
13313.1	-80.0071
13400.7	-80.0083
13488.2	-80.0094
13575.8	-80.0135
13663.4	-80.0175
13751	-80.0219
13774	-80.0231
13797	-80.0192
13798.5	-80.0181
13800	-80.0172
13800.5	-80.0169
13801	-80.0172
13802.5	-80.0181
13804	-80.0191
13827	-80.0228
13850	-80.0215
13937.6	-80.0165
14025.2	-80.0126
14112.8	-80.0087
14200.3	-80.0078
14287.9	-80.007
14375.5	-80.0071
14463.1	-80.0073
14550.7	-80.0085
14638.2	-80.0096
14725.8	-80.0138
14813.4	-80.0179
14901	-80.0225
14924	-80.0238
14947	-80.0198
14948.5	-80.0187
14950	-80.0178
14950.5	-80.0175
14951	-80.0178
14952.5	-80.0187
14954	-80.0197
14977	-80.0235
15000	-80.0221
15087.6	-80.0169
15175.2	-80.0129
15262.8	-80.0089
15350.3	-80.008
15437.9	-80.0072
15525.5	-80.0073
15613.1	-80.0075
15700.7	-80.0087
15788.2	-80.0099
15875.8	-80.0142
15963.4	-80.0184
16051	-80.0234
16074	-80.0247
16097	-80.0207
16098.5	-80.0196
16100	-80.0186
16100.5	-80.0183
16101	-80.0186
16102.5	-80.0195
16104	-80.0206
16127	-80.0244
16150	-80.0229
16237.6	-80.0173
16325.2	-80.0132
16412.8	-80.0091
16500.3	-80.0082
16587.9	-80.0074
16675.5	-80.0076
16763.1	-80.0078
16850.7	-80.009
16938.2	-80.0103
17025.8	-80.0147
17113.4	-80.0191
17201	-80.0245
17224	-80.0259
17247	-80.0218
17248.5	-80.0207
17250	-80.0197
17250.5	-80.0194
17251	-80.0197
17252.5	-80.0206
17254	-80.0217
17277	-80.0256
17300	-80.024
17387.6	-80.018
17475.2	-80.0137
17562.8	-80.0094
17650.3	-80.0085
17737.9	-80.0077
17825.5	-80.0079
17913.1	-80.0081
18000.7	-80.0094
18088.2	-80.0107
18175.8	-80.0153
18263.4	-80.0199
18351	-80.0258
18374	-80.0274
18397	-80.0232
18398.5	-80.0221
18400	-80.0211
18400.5	-80.0208
18401	-80.0211
18402.5	-80.022
18404	-80.0231
18427	-80.0271
18450	-80.0254
18537.6	-80.0187
18625.2	-80.0143
18712.8	-80.0098
18800.3	-80.0089
18887.9	-80.008
18975.5	-80.0082
19063.1	-80.0085
19150.7	-80.0098
19238.2	-80.0112
19325.8	-80.016
19413.4	-80.0209
19501	-80.0275
19524	-80.0293
19547	-80.025
19548.5	-80.0238
19550	-80.0229
19550.5	-80.0226
19551	-80.0229
19552.5	-80.0238
19554	-80.0249
19577	-80.029
19600	-80.027
19687.6	-80.0196
19775.2	-80.0149
19862.8	-80.0103
19950.3	-80.0093
20037.9	-80.0084
20125.5	-80.0086
20213.1	-80.0089
20300.7	-80.0103
20388.2	-80.0117
20475.8	-80.0169
20563.4	-80.0221
20651	-80.0296
20674	-80.0316
20697	-80.0272
20698.5	-80.026
20700	-80.0251
20700.5	-80.0247
20701	-80.025
20702.5	-80.0259
20704	-80.0271
20727	-80.0313
20750	-80.0291
20837.6	-80.0208
20925.2	-80.0158
21012.8	-80.0108
21100.3	-80.0098
21187.9	-80.0089
21275.5	-80.0091
21363.1	-80.0094
21450.7	-80.0109
21538.2	-80.0124
21625.8	-80.018
21713.4	-80.0235
21801	-80.0321
21824	-80.0344
21847	-80.0299
21848.5	-80.0287
21850	-80.0277
21850.5	-80.0274
21851	-80.0277
21852.5	-80.0286
21854	-80.0298
21877	-80.034
21900	-80.0315
21987.6	-80.0221
22075.2	-80.0168
22162.8	-80.0115
22250.3	-80.0105
22337.9	-80.0095
22425.5	-80.0097
22513.1	-80.01
22600.7	-80.0116
22688.2	-80.0132
22775.8	-80.0192
22863.4	-80.0252
22951	-80.0351
22974	-80.0377
22997	-80.0331
22998.5	-80.0319
23000	-80.031
23000.5	-80.0306
23001	-80.0309
23002.5	-80.0318
23004	-80.033
23027	-80.0374
23050	-80.0345
23137.6	-80.0237
23225.2	-80.018
23312.8	-80.0122
23400.3	-80.0112
23487.9	-80.0101
23575.5	-80.0104
23663.1	-80.0108
23750.7	-80.0125
23838.2	-80.0142
23925.8	-80.0207
24013.4	-80.0272
24101	-80.0387
24124	-80.0417
24147	-80.0371
24148.5	-80.0358
24150	-80.0349
24150.5	-80.0346
24151	-80.0348
24152.5	-80.0357
24154	-80.0369
24177	-80.0414
24200	-80.0381
24287.6	-80.0257
24375.2	-80.0194
24462.8	-80.0132
24550.3	-80.012
24637.9	-80.0109
24725.5	-80.0113
24813.1	-80.0116
24900.7	-80.0135
24988.2	-80.0153
25075.8	-80.0225
25163.4	-80.0297
25251	-80.0431
25274	-80.0466
25297	-80.0418
25298.5	-80.0405
25300	-80.0395
25300.5	-80.0392
25301	-80.0395
25302.5	-80.0404
25304	-80.0416
25327	-80.0462
25350	-80.0424
25437.6	-80.028
25525.2	-80.0211
25612.8	-80.0143
25700.3	-80.0131
25787.9	-80.0119
25875.5	-80.0123
25963.1	-80.0126
26050.7	-80.0147
26138.2	-80.0167
26225.8	-80.0246
26313.4	-80.0326
26401	-80.0482
26424	-80.0524
26447	-80.0474
26448.5	-80.046
26450	-80.0452
26450.5	-80.0449
26451	-80.0451
26452.5	-80.046
26454	-80.0472
26477	-80.0519
26500	-80.0475
26587.6	-80.0308
26675.2	-80.0232
26762.8	-80.0156
26850.3	-80.0143
26937.9	-80.013
27025.5	-80.0135
27113.1	-80.0139
27200.7	-80.0161
27288.2	-80.0183
27375.8	-80.0271
27463.4	-80.036
27551	-80.0545
27574	-80.0593
27597	-80.0541
27598.5	-80.0527
27600	-80.0519
27600.5	-80.0516
27601	-80.0519
27602.5	-80.0527
27604	-80.054
27627	-80.0589
27650	-80.0537
27737.6	-80.0342
27825.2	-80.0257
27912.8	-80.0172
28000.3	-80.0158
28087.9	-80.0144
28175.5	-80.0149
28263.1	-80.0153
28350.7	-80.0178
28438.2	-80.0202
28525.8	-80.0302
28613.4	-80.0402
28701	-80.0619
28724	-80.0676
28747	-80.0622
28748.5	-80.0608
28750	-80.0599
28750.5	-80.0596
28751	-80.0599
28752.5	-80.0607
28754	-80.062
28777	-80.0671
28800	-80.0611
28887.6	-80.0382
28975.2	-80.0287
29062.8	-80.0191
29150.3	-80.0176
29237.9	-80.016
29325.5	-80.0166
29413.1	-80.0171
29500.7	-80.0198
29588.2	-80.0225
29675.8	-80.0338
29763.4	-80.0452
29851	-80.0709
29874	-80.0776
29897	-80.0719
29898.5	-80.0703
29900	-80.0695
29900.5	-80.0692
29901	-80.0695
29902.5	-80.0702
29904	-80.0717
29927	-80.0771
29950	-80.07
30037.6	-80.0431
30125.2	-80.0323
30212.8	-80.0215
30300.3	-80.0197
30387.9	-80.018
30475.5	-80.0186
30563.1	-80.0192
30650.7	-80.0222
30738.2	-80.0253
30825.8	-80.0383
30913.4	-80.0512
31001	-80.0816
31024	-80.0896
31047	-80.0834
31048.5	-80.0817
31050	-80.0809
31050.5	-80.0806
31051	-80.0809
31052.5	-80.0816
31054	-80.0832
31077	-80.0891
31100	-80.0807
31187.6	-80.049
31275.2	-80.0367
31362.8	-80.0243
31450.3	-80.0223
31537.9	-80.0204
31625.5	-80.0211
31713.1	-80.0217
31800.7	-80.0252
31888.2	-80.0286
31975.8	-80.0436
32063.4	-80.0586
32151	-80.0945
32174	-80.1039
32197	-80.0972
32198.5	-80.0953
32200	-80.0944
32200.5	-80.0942
32201	-80.0944
32202.5	-80.0952
32204	-80.097
32227	-80.1034
32250	-80.0936
32337.6	-80.0562
32425.2	-80.042
32512.8	-80.0277
32600.3	-80.0255
32687.9	-80.0233
32775.5	-80.024
32863.1	-80.0248
32950.7	-80.0287
33038.2	-80.0327
33125.8	-80.0501
33213.4	-80.0674
33301	-80.11
33324	-80.1212
33347	-80.1135
33348.5	-80.1114
33350	-80.1105
33350.5	-80.1102
33351	-80.1105
33352.5	-80.1113
33354	-80.1133
33377	-80.1206
33400	-80.109
33487.6	-80.0649
33575.2	-80.0484
33662.8	-80.0319
33750.3	-80.0293
33837.9	-80.0268
33925.5	-80.0276
34013.1	-80.0285
34100.7	-80.0331
34188.2	-80.0376
34275.8	-80.0579
34363.4	-80.0782
34451	-80.1286
34474	-80.1418
34497	-80.133
34498.5	-80.1305
34500	-80.1295
34500.5	-80.1291
34501	-80.1294
34502.5	-80.1304
34504	-80.1327
34527	-80.1412
34550	-80.1276
34637.6	-80.0756
34725.2	-80.0563
34812.8	-80.0369
34900.3	-80.034
34987.9	-80.031
35075.5	-80.032
35163.1	-80.033
35250.7	-80.0383
35338.2	-80.0436
35425.8	-80.0675
35513.4	-80.0913
35601	-80.1509
35624	-80.1665
35647	-80.156
35648.5	-80.1531
35650	-80.1518
35650.5	-80.1513
35651	-80.1517
35652.5	-80.153
35654	-80.1557
35677	-80.1659
35700	-80.1498
35787.6	-80.0885
35875.2	-80.0658
35962.8	-80.0431
36050.3	-80.0396
36137.9	-80.0362
36225.5	-80.0373
36313.1	-80.0385
36400.7	-80.0447
36488.2	-80.0509
36575.8	-80.0791
36663.4	-80.1072
36751	-80.1776
36774	-80.196
36797	-80.1831
36798.5	-80.1796
36800	-80.1779
36800.5	-80.1773
36801	-80.1778
36802.5	-80.1794
36804	-80.1829
36827	-80.1953
36850	-80.1764
36937.6	-80.1043
37025.2	-80.0774
37112.8	-80.0506
37200.3	-80.0466
37287.9	-80.0425
37375.5	-80.0438
37463.1	-80.0452
37550.7	-80.0525
37638.2	-80.0598
37725.8	-80.0932
37813.4	-80.1266
37901	-80.2094
37924	-80.2311
37947	-80.2149
37948.5	-80.2105
37950	-80.2082
37950.5	-80.2074
37951	-80.2082
37952.5	-80.2104
37954	-80.2147
37977	-80.2304
38000	-80.2082
38087.6	-80.1235
38175.2	-80.0916
38262.8	-80.0598
38350.3	-80.055
38437.9	-80.0502
38525.5	-80.0517
38613.1	-80.0533
38700.7	-80.062
38788.2	-80.0706
38875.8	-80.1104
38963.4	-80.1502
39051	-80.2472
39074	-80.2727
39097	-80.252
39098.5	-80.2464
39100	-80.2431
39100.5	-80.242
39101	-80.2431
39102.5	-80.2462
39104	-80.2517
39127	-80.2719
39150	-80.2459
39237.6	-80.1469
39325.2	-80.1089
39412.8	-80.071
39500.3	-80.0653
39587.9	-80.0595
39675.5	-80.0613
39763.1	-80.0632
39850.7	-80.0735
39938.2	-80.0838
40025.8	-80.1314
40113.4	-80.1789
40201	-80.292
40224	-80.3217
40247	-80.2948
40248.5	-80.2875
40250	-80.2829
40250.5	-80.2814
40251	-80.2829
40252.5	-80.2874
40254	-80.2946
40277	-80.3209
40300	-80.2906
40387.6	-80.1753
40475.2	-80.13
40562.8	-80.0847
40650.3	-80.0778
40737.9	-80.0709
40825.5	-80.0731
40913.1	-80.0752
41000.7	-80.0876
41088.2	-80.1
41175.8	-80.1568
41263.4	-80.2137
41351	-80.3447
41374	-80.3791
41397	-80.3438
41398.5	-80.3342
41400	-80.3276
41400.5	-80.3255
41401	-80.3276
41402.5	-80.334
41404	-80.3435
41427	-80.3782
41450	-80.3432
41537.6	-80.2097
41625.2	-80.1556
41712.8	-80.1014
41800.3	-80.093
41887.9	-80.0847
41975.5	-80.0873
42063.1	-80.0898
42150.7	-80.1047
42238.2	-80.1196
42325.8	-80.1877
42413.4	-80.2558
42501	-80.4061
42524	-80.4456
42547	-80.399
42548.5	-80.3863
42550	-80.377
42550.5	-80.3739
42551	-80.3769
42552.5	-80.3861
42554	-80.3986
42577	-80.4446
42600	-80.4044
42687.6	-80.2514
42775.2	-80.1865
42862.8	-80.1216
42950.3	-80.1115
43037.9	-80.1014
43125.5	-80.1045
43213.1	-80.1076
43300.7	-80.1255
43388.2	-80.1433
43475.8	-80.2249
43563.4	-80.3064
43651	-80.477
43674	-80.5217
43697	-80.4599
43698.5	-80.4431
43700	-80.43
43700.5	-80.4256
43701	-80.4299
43702.5	-80.4429
43704	-80.4596
43727	-80.5207
43750	-80.4751
43837.6	-80.3014
43925.2	-80.2238
44012.8	-80.1461
44100.3	-80.1339
44187.9	-80.1216
44275.5	-80.1253
44363.1	-80.1289
44450.7	-80.1505
44538.2	-80.1721
44625.8	-80.2695
44713.4	-80.367
44801	-80.5574
44824	-80.6074
44847	-80.5256
44848.5	-80.5033
44850	-80.485
44850.5	-80.4788
44851	-80.4849
44852.5	-80.5031
44854	-80.5252
44877	-80.6061
44900	-80.5552
44987.6	-80.3611
45075.2	-80.2683
45162.8	-80.1755
45250.3	-80.1607
45337.9	-80.1458
45425.5	-80.1502
45513.1	-80.1545
45600.7	-80.1805
45688.2	-80.2065
45775.8	-80.3225
45863.4	-80.4386
45951	-80.6468
45974	-80.7015
45997	-80.5937
45998.5	-80.5643
46000	-80.5389
46000.5	-80.5305
46001	-80.5389
46002.5	-80.564
46004	-80.5931
46027	-80.6999
46050	-80.6441
46137.6	-80.4315
46225.2	-80.321
46312.8	-80.2104
46400.3	-80.1925
46487.9	-80.1745
46575.5	-80.1797
46663.1	-80.185
46750.7	-80.2162
46838.2	-80.2475
46925.8	-80.3847
47013.4	-80.522
47101	-80.7429
47124	-80.801
47147	-80.6601
47148.5	-80.6217
47150	-80.5872
47150.5	-80.5758
47151	-80.5871
47152.5	-80.6213
47154	-80.6594
47177	-80.7989
47200	-80.7394
47287.6	-80.5129
47375.2	-80.3821
47462.8	-80.2514
47550.3	-80.2297
47637.9	-80.208
47725.5	-80.2143
47813.1	-80.2205
47900.7	-80.2578
47988.2	-80.2952
48075.8	-80.456
48163.4	-80.6168
48251	-80.841
48274	-80.8998
48297	-80.7183
48298.5	-80.6688
48300	-80.6229
48300.5	-80.6075
48301	-80.6227
48302.5	-80.6682
48304	-80.7173
48327	-80.897
48350	-80.8362
48437.6	-80.6045
48525.2	-80.4513
48612.8	-80.298
48700.3	-80.2721
48787.9	-80.2462
48875.5	-80.2535
48963.1	-80.2609
49050.7	-80.3051
49138.2	-80.3494
49225.8	-80.5346
49313.4	-80.7199
49401	-80.9312
49424	-80.9867
49447	-80.7578
49448.5	-80.6954
49450	-80.6356
49450.5	-80.6157
49451	-80.6354
49452.5	-80.6945
49454	-80.7562
49477	-80.9826
49500	-80.9243
49587.6	-80.7023
49675.2	-80.5256
49762.8	-80.3489
49850.3	-80.3183
49937.9	-80.2876
50025.5	-80.2962
50113.1	-80.3048
50200.7	-80.3562
50288.2	-80.4075
50375.8	-80.6151
50463.4	-80.8227
50551	-80.9949
50574	-81.04
50597	-80.7611
50598.5	-80.685
50600	-80.6101
50600.5	-80.5852
50601	-80.6098
50602.5	-80.6835
50604	-80.7585
50627	-81.0336
50650	-80.9841
50737.6	-80.7958
50825.2	-80.5976
50912.8	-80.3993
51000.3	-80.3639
51087.9	-80.3284
51175.5	-80.3382
51263.1	-80.3481
51350.7	-80.4056
51438.2	-80.4631
51525.8	-80.6838
51613.4	-80.9044
51701	-80.9937
51724	-81.0172
51747	-80.6963
51748.5	-80.6088
51750	-80.5204
51750.5	-80.4909
51751	-80.5198
51752.5	-80.6064
51754	-80.6921
51777	-81.0065
51800	-80.9761
51887.6	-80.8605
51975.2	-80.6492
52062.8	-80.4379
52150.3	-80.3985
52237.9	-80.3592
52325.5	-80.37
52413.1	-80.3807
52500.7	-80.4405
52588.2	-80.5002
52675.8	-80.7093
52763.4	-80.9184
52851	-80.8558
52874	-80.8393
52897	-80.5141
52898.5	-80.4254
52900	-80.3329
52900.5	-80.302
52901	-80.3318
52902.5	-80.4212
52904	-80.5067
52927	-80.8204
52950	-80.8249
53037.6	-80.842
53125.2	-80.6402
53212.8	-80.4385
53300.3	-80.3988
53387.9	-80.3591
53475.5	-80.3695
53563.1	-80.38
53650.7	-80.4308
53738.2	-80.4817
53825.8	-80.6198
53913.4	-80.758
54001	-80.442
54024	-80.359
54047	-80.1483
54048.5	-80.0908
54050	-80.0267
54050.5	-80.0054
54051	-80.0247
54052.5	-80.0828
54054	-80.1342
54077	-80.3231
54100	-80.3836
54187.6	-80.614
54275.2	-80.4763
54362.8	-80.3385
54450.3	-80.308
54537.9	-80.2775
54625.5	-80.2841
54713.1	-80.2907
54800.7	-80.3019
54888.2	-80.313
54975.8	-80.231
55063.4	-80.1491
55151	-79.4256
55174	-79.2356
55197	-79.481
55198.5	-79.5479
55200	-79.6091
55200.5	-79.6295
55201	-79.6049
55202.5	-79.5312
55204	-79.4515
55227	-79.1599
55250	-79.3027
55337.6	-79.8465
55425.2	-79.9088
55512.8	-79.9711
55600.3	-79.9756
55687.9	-79.9802
55775.5	-79.9726
55863.1	-79.9651
55950.7	-79.8499
56038.2	-79.7348
56125.8	-79.0312
56213.4	-78.3277
56301	-76.9022
56324	-76.5279
56347	-78.196
56348.5	-78.6509
56350	-79.1148
56350.5	-79.2695
56351	-79.105
56352.5	-78.6114
56354	-78.1263
56377	-76.3481
56400	-76.611
56487.6	-77.6123
56575.2	-78.2385
56662.8	-78.8647
56750.3	-78.9796
56837.9	-79.0946
56925.5	-79.0725
57013.1	-79.0505
57100.7	-78.7497
57188.2	-78.4488
57275.8	-76.8592
57363.4	-75.2695
57451	-73.0267
57474	-72.4378
57497	-76.3296
57498.5	-77.391
57500	-78.4862
57500.5	-78.8512
57501	-78.4758
57502.5	-77.3497
57504	-76.2566
57527	-72.249
57550	-72.7186
57637.6	-74.5069
57725.2	-75.9965
57812.8	-77.4862
57900.3	-77.7728
57987.9	-78.0594
58075.5	-78.0843
58163.1	-78.1091
58250.7	-78.017
58338.2	-77.925
58425.8	-77.4234
58513.4	-76.9218
58601	-76.3742
58624	-76.2305
58647	-78.0583
58648.5	-78.557
58650	-79.0621
58650.5	-79.2305
58651	-79.0754
58652.5	-78.6103
58654	-78.1525
58677	-76.4734
58700	-76.7686
58787.6	-77.8924
58875.2	-78.5073
58962.8	-79.1223
59050.3	-79.2227
59137.9	-79.3231
59225.5	-79.3315
59313.1	-79.3399
59400.7	-79.3531
59488.2	-79.3662
59575.8	-79.4005
59663.4	-79.4347
59751	-79.1947
59774	-79.1317
59797	-79.414
59798.5	-79.4911
59800	-79.56
59800.5	-79.583
59801	-79.568
59802.5	-79.5227
59804	-79.4699
59827	-79.2757
59850	-79.429
59937.6	-80.0127
60025.2	-80.0353
60112.8	-80.0578
60200.3	-80.0354
60287.9	-80.013
60375.5	-80.0063
60463.1	-79.9996
60550.7	-80.041
60638.2	-80.0825
60725.8	-80.2783
60813.4	-80.4742
60901	-80.379
60924	-80.354
60947	-80.1138
60948.5	-80.0484
60950	-79.9742
60950.5	-79.9494
60951	-79.9776
60952.5	-80.0622
60954	-80.1382
60977	-80.4165
61000	-80.4809
61087.6	-80.7259
61175.2	-80.5436
61262.8	-80.3613
61350.3	-80.3015
61437.9	-80.2416
61525.5	-80.2308
61613.1	-80.2199
61700.7	-80.2673
61788.2	-80.3148
61875.8	-80.5568
61963.4	-80.7989
62051	-80.8492
62074	-80.8624
62097	-80.4882
62098.5	-80.3862
62100	-80.2782
62100.5	-80.2423
62101	-80.28
62102.5	-80.393
62104	-80.5003
62127	-80.8934
62150	-80.8998
62237.6	-80.9241
62325.2	-80.6807
62412.8	-80.4373
62500.3	-80.3702
62587.9	-80.3031
62675.5	-80.2919
62763.1	-80.2807
62850.7	-80.3259
62938.2	-80.3711
63025.8	-80.6126
63113.4	-80.8542
63201	-81.009
63224	-81.0496
63247	-80.6782
63248.5	-80.5769
63250	-80.4729
63250.5	-80.4383
63251	-80.4739
63252.5	-80.5807
63254	-80.6848
63277	-81.0666
63300	-81.0368
63387.6	-80.9236
63475.2	-80.6755
63562.8	-80.4275
63650.3	-80.364
63737.9	-80.3005
63825.5	-80.2902
63913.1	-80.2799
64000.7	-80.32
64088.2	-80.3601
64175.8	-80.5821
64263.4	-80.8041
64351	-81.0201
64374	-81.0769
64397	-80.7529
64398.5	-80.6645
64400	-80.5761
64400.5	-80.5466
64401	-80.5766
64402.5	-80.6668
64404	-80.7568
64427	-81.0869
64450	-81.0368
64537.6	-80.8457
64625.2	-80.6158
64712.8	-80.3859
64800.3	-80.3297
64887.9	-80.2735
64975.5	-80.2645
65063.1	-80.2555
65150.7	-80.2898
65238.2	-80.3241
65325.8	-80.5198
65413.4	-80.7156
65501	-80.9596
65524	-81.0237
65547	-80.7569
65548.5	-80.6841
65550	-80.6129
65550.5	-80.5892
65551	-80.6133
65552.5	-80.6855
65554	-80.7593
65577	-81.0301
65600	-80.9702
65687.6	-80.7422
65775.2	-80.5387
65862.8	-80.3352
65950.3	-80.287
66037.9	-80.2388
66125.5	-80.2311
66213.1	-80.2234
66300.7	-80.2522
66388.2	-80.281
66475.8	-80.4496
66563.4	-80.6181
66651	-80.8677
66674	-80.9333
66697	-80.7202
66698.5	-80.6621
66700	-80.6066
66700.5	-80.5881
66701	-80.6068
66702.5	-80.663
66704	-80.7218
66727	-80.9375
66750	-80.8749
66837.6	-80.6363
66925.2	-80.4606
67012.8	-80.285
67100.3	-80.2444
67187.9	-80.2038
67275.5	-80.1973
67363.1	-80.1908
67450.7	-80.2147
67538.2	-80.2386
67625.8	-80.3816
67713.4	-80.5247
67801	-80.7655
67824	-80.8288
67847	-80.6616
67848.5	-80.6159
67850	-80.5736
67850.5	-80.5594
67851	-80.5737
67852.5	-80.6166
67854	-80.6627
67877	-80.8318
67900	-80.7706
67987.6	-80.5378
68075.2	-80.3885
68162.8	-80.2392
68250.3	-80.2053
68337.9	-80.1715
68425.5	-80.166
68513.1	-80.1605
68600.7	-80.1802
68688.2	-80.1999
68775.8	-80.3202
68863.4	-80.4405
68951	-80.664
68974	-80.7227
68997	-80.5928
68998.5	-80.5573
69000	-80.5253
69000.5	-80.5146
69001	-80.5254
69002.5	-80.5578
69004	-80.5936
69027	-80.725
69050	-80.6679
69137.6	-80.4504
69225.2	-80.3248
69312.8	-80.1991
69400.3	-80.1711
69487.9	-80.143
69575.5	-80.1385
69663.1	-80.1339
69750.7	-80.15
69838.2	-80.1662
69925.8	-80.2666
70013.4	-80.3671
70101	-80.569
70124	-80.622
70147	-80.5213
70148.5	-80.4938
70150	-80.4697
70150.5	-80.4616
70151	-80.4698
70152.5	-80.4942
70154	-80.5219
70177	-80.6238
70200	-80.572
70287.6	-80.375
70375.2	-80.27
70462.8	-80.1649
70550.3	-80.1418
70637.9	-80.1186
70725.5	-80.1148
70813.1	-80.1109
70900.7	-80.1241
70988.2	-80.1374
71075.8	-80.2209
71163.4	-80.3045
71251	-80.4831
71274	-80.53
71297	-80.4518
71298.5	-80.4304
71300	-80.4123
71300.5	-80.4062
71301	-80.4123
71302.5	-80.4307
71304	-80.4523
71327	-80.5314
71350	-80.4856
71437.6	-80.3111
71525.2	-80.2236
71612.8	-80.1362
71700.3	-80.1171
71787.9	-80.098
71875.5	-80.0947
71963.1	-80.0915
72050.7	-80.1023
72138.2	-80.1131
72225.8	-80.1824
72313.4	-80.2517
72401	-80.4072
72424	-80.448
72447	-80.3869
72448.5	-80.3703
72450	-80.3565
72450.5	-80.3519
72451	-80.3565
72452.5	-80.3705
72454	-80.3874
72477	-80.4492
72500	-80.4093
72587.6	-80.2574
72675.2	-80.1848
72762.8	-80.1122
72850.3	-80.0965
72937.9	-80.0807
73025.5	-80.078
73113.1	-80.0753
73200.7	-80.0841
73288.2	-80.0929
73375.8	-80.1503
73463.4	-80.2077
73551	-80.3412
73574	-80.3762
73597	-80.3281
73598.5	-80.3149
73600	-80.3043
73600.5	-80.3008
73601	-80.3044
73602.5	-80.3151
73604	-80.3285
73627	-80.3773
73650	-80.3431
73737.6	-80.2126
73825.2	-80.1525
73912.8	-80.0924
74000.3	-80.0794
74087.9	-80.0664
74175.5	-80.0641
74263.1	-80.0618
74350.7	-80.069
74438.2	-80.0762
74525.8	-80.1236
74613.4	-80.1711
74701	-80.2845
74724	-80.3143
74747	-80.2757
74748.5	-80.2652
74750	-80.2569
74750.5	-80.2541
74751	-80.2569
74752.5	-80.2654
74754	-80.2761
74777	-80.3153
74800	-80.2862
74887.6	-80.1755
74975.2	-80.1258
75062.8	-80.076
75150.3	-80.0653
75237.9	-80.0545
75325.5	-80.0526
75413.1	-80.0506
75500.7	-80.0565
75588.2	-80.0624
75675.8	-80.1016
75763.4	-80.1408
75851	-80.2362
75874	-80.2613
75897	-80.2299
75898.5	-80.2213
75900	-80.2146
75900.5	-80.2123
75901	-80.2146
75902.5	-80.2215
75904	-80.2302
75927	-80.2622
75950	-80.2378
76037.6	-80.1448
76125.2	-80.1037
76212.8	-80.0626
76300.3	-80.0537
76387.9	-80.0447
76475.5	-80.0431
76563.1	-80.0415
76650.7	-80.0462
76738.2	-80.051
76825.8	-80.0835
76913.4	-80.1159
77001	-80.1954
77024	-80.2163
77047	-80.1902
77048.5	-80.183
77050	-80.1774
77050.5	-80.1755
77051	-80.1775
77052.5	-80.1832
77054	-80.1905
77077	-80.2171
77100	-80.1968
77187.6	-80.1195
77275.2	-80.0855
77362.8	-80.0515
77450.3	-80.0441
77537.9	-80.0367
77625.5	-80.0353
77713.1	-80.0339
77800.7	-80.0378
77888.2	-80.0417
77975.8	-80.0685
78063.4	-80.0953
78151	-80.161
78174	-80.1783
78197	-80.1561
78198.5	-80.15
78200	-80.1451
78200.5	-80.1435
78201	-80.1452
78202.5	-80.1501
78204	-80.1563
78227	-80.1791
78250	-80.1624
78337.6	-80.0987
78425.2	-80.0706
78512.8	-80.0424
78600.3	-80.0363
78687.9	-80.0301
78775.5	-80.0289
78863.1	-80.0277
78950.7	-80.0309
79038.2	-80.0341
79125.8	-80.0563
79213.4	-80.0784
79301	-80.1322
79324	-80.1464
79347	-80.127
79348.5	-80.1217
79350	-80.1174
79350.5	-80.1159
79351	-80.1174
79352.5	-80.1218
79354	-80.1272
79377	-80.1471
79400	-80.1335
79487.6	-80.0816
79575.2	-80.0583
79662.8	-80.035
79750.3	-80.0298
79837.9	-80.0247
79925.5	-80.0237
80013.1	-80.0226
80100.7	-80.0253
80188.2	-80.0279
80275.8	-80.0462
80363.4	-80.0645
80451	-80.1081
80474	-80.1196
80497	-80.1023
80498.5	-80.0976
80500	-80.0936
80500.5	-80.0923
80501	-80.0937
80502.5	-80.0977
80504	-80.1025
80527	-80.1203
80550	-80.1093
80637.6	-80.0675
80725.2	-80.0482
80812.8	-80.0289
80900.3	-80.0246
80987.9	-80.0203
81075.5	-80.0194
81163.1	-80.0185
81250.7	-80.0206
81338.2	-80.0228
81425.8	-80.0379
81513.4	-80.0531
81601	-80.088
81624	-80.0972
81647	-80.0814
81648.5	-80.0771
81650	-80.0734
81650.5	-80.0722
81651	-80.0734
81652.5	-80.0773
81654	-80.0817
81677	-80.0978
81700	-80.0891
81787.6	-80.0559
81875.2	-80.0398
81962.8	-80.0238
82050.3	-80.0202
82137.9	-80.0166
82225.5	-80.0158
82313.1	-80.015
82400.7	-80.0168
82488.2	-80.0186
82575.8	-80.0311
82663.4	-80.0437
82751	-80.0712
82774	-80.0784
82797	-80.0639
82798.5	-80.0599
82800	-80.0563
82800.5	-80.0551
82801	-80.0564
82802.5	-80.06
82804	-80.0641
82827	-80.079
82850	-80.0722
82937.6	-80.0463
83025.2	-80.033
83112.8	-80.0197
83200.3	-80.0167
83287.9	-80.0136
83375.5	-80.0129
83463.1	-80.0122
83550.7	-80.0137
83638.2	-80.0151
83725.8	-80.0255
83813.4	-80.0359
83901	-80.0572
83924	-80.0628
83947	-80.0491
83948.5	-80.0454
83950	-80.0419
83950.5	-80.0407
83951	-80.0419
83952.5	-80.0455
83954	-80.0493
83977	-80.0634
84000	-80.0582
84087.6	-80.0383
84175.2	-80.0273
84262.8	-80.0163
84350.3	-80.0137
84437.9	-80.0111
84525.5	-80.0105
84613.1	-80.0099
84700.7	-80.0111
84788.2	-80.0123
84875.8	-80.0209
84963.4	-80.0295
85051	-80.0455
85074	-80.0498
85097	-80.0367
85098.5	-80.0332
85100	-80.0297
85100.5	-80.0286
85101	-80.0298
85102.5	-80.0333
85104	-80.0369
85127	-80.0503
85150	-80.0464
85237.6	-80.0318
85325.2	-80.0226
85412.8	-80.0135
85500.3	-80.0113
85587.9	-80.0091
85675.5	-80.0086
85763.1	-80.008
85850.7	-80.009
85938.2	-80.0099
86025.8	-80.0171
86113.4	-80.0242
86201	-80.0358
86224	-80.0389
86247	-80.0263
86248.5	-80.0229
86250	-80.0195
86250.5	-80.0184
86251	-80.0196
86252.5	-80.023
86254	-80.0265
86277	-80.0394
86300	-80.0367
86387.6	-80.0263
86475.2	-80.0187
86562.8	-80.0111
86650.3	-80.0093
86737.9	-80.0074
86825.5	-80.0069
86913.1	-80.0064
87000.7	-80.0072
87088.2	-80.008
87175.8	-80.0139
87263.4	-80.0198
87351	-80.0277
87374	-80.0298
87397	-80.0176
87398.5	-80.0143
87400	-80.0109
87400.5	-80.0098
87401	-80.011
87402.5	-80.0144
87404	-80.0178
87427	-80.0302
87450	-80.0285
87537.6	-80.0218
87625.2	-80.0155
87712.8	-80.0092
87800.3	-80.0076
87887.9	-80.006
87975.5	-80.0056
88063.1	-80.0051
88150.7	-80.0058
88238.2	-80.0064
88325.8	-80.0113
88413.4	-80.0161
88501	-80.0209
88524	-80.0221
88547	-80.0104
88548.5	-80.0071
88550	-80.0038
88550.5	-80.0026
88551	-80.0038
88552.5	-80.0072
88554	-80.0105
88577	-80.0226
88600	-80.0216
88687.6	-80.018
88775.2	-80.0128
88862.8	-80.0076
88950.3	-80.0062
89037.9	-80.0048
89125.5	-80.0044
89213.1	-80.0041
89300.7	-80.0046
89388.2	-80.0051
89475.8	-80.0091
89563.4	-80.0131
89651	-80.0152
89674	-80.0158
89697	-80.0042
89698.5	-80.0011
89700	-79.9977
89700.5	-79.9966
89701	-79.9977
89702.5	-80.0012
89704	-80.0044
89727	-80.0162
89750	-80.0159
89837.6	-80.0149
89925.2	-80.0105
90012.8	-80.0062
90100.3	-80.0051
90187.9	-80.0039
90275.5	-80.0035
90363.1	-80.0032
90450.7	-80.0036
90538.2	-80.004
90625.8	-80.0072
90713.4	-80.0105
90801	-80.0104
90824	-80.0104
90847	-79.9991
90848.5	-79.996
90850	-79.9927
90850.5	-79.9916
90851	-79.9927
90852.5	-79.9961
90854	-79.9993
90877	-80.0108
90900	-80.0111
90987.6	-80.0122
91075.2	-80.0087
91162.8	-80.0051
91250.3	-80.0041
91337.9	-80.0031
91425.5	-80.0027
91513.1	-80.0024
91600.7	-80.0027
91688.2	-80.0031
91775.8	-80.0057
91863.4	-80.0084
91951	-80.0064
91974	-80.0059
91997	-79.9948
91998.5	-79.9918
92000	-79.9884
92000.5	-79.9873
92001	-79.9885
92002.5	-79.9919
92004	-79.9949
92027	-80.0063
92050	-80.0071
92137.6	-80.01
92225.2	-80.0071
92312.8	-80.0042
92400.3	-80.0033
92487.9	-80.0024
92575.5	-80.0021
92663.1	-80.0018
92750.7	-80.002
92838.2	-80.0023
92925.8	-80.0044
93013.4	-80.0066
93101	-80.0031
93124	-80.0021
93147	-79.9912
93148.5	-79.9882
93150	-79.9849
93150.5	-79.9838
93151	-79.9849
93152.5	-79.9883
93154	-79.9913
93177	-80.0025
93200	-80.0037
93287.6	-80.0081
93375.2	-80.0057
93462.8	-80.0033
93550.3	-80.0026
93637.9	-80.0018
93725.5	-80.0015
93813.1	-80.0013
93900.7	-80.0015
93988.2	-80.0017
94075.8	-80.0033
94163.4	-80.005
94251	-80.0002
94274	-79.999
94297	-79.9882
94298.5	-79.9852
94300	-79.9819
94300.5	-79.9808
94301	-79.9819
94302.5	-79.9853
94304	-79.9883
94327	-79.9993
94350	-80.0008
94437.6	-80.0065
94525.2	-80.0046
94612.8	-80.0027
94700.3	-80.002
94787.9	-80.0013
94875.5	-80.0011
94963.1	-80.0008
95050.7	-80.001
95138.2	-80.0011
95225.8	-80.0024
95313.4	-80.0038
95401	-79.9978
95424	-79.9963
95447	-79.9856
95448.5	-79.9827
95450	-79.9794
95450.5	-79.9783
95451	-79.9794
95452.5	-79.9828
95454	-79.9857
95477	-79.9966
95500	-79.9984
95587.6	-80.0051
95675.2	-80.0036
95762.8	-80.0021
95850.3	-80.0015
95937.9	-80.0009
96025.5	-80.0007
96113.1	-80.0005
96200.7	-80.0006
96288.2	-80.0007
96375.8	-80.0017
96463.4	-80.0027
96551	-79.9958
96574	-79.994
96597	-79.9835
96598.5	-79.9806
96600	-79.9773
96600.5	-79.9762
96601	-79.9773
96602.5	-79.9807
96604	-79.9836
96627	-79.9943
96650	-79.9963
96737.6	-80.004
96825.2	-80.0028
96912.8	-80.0016
97000.3	-80.0011
97087.9	-80.0006
97175.5	-80.0004
97263.1	-80.0002
97350.7	-80.0002
97438.2	-80.0003
97525.8	-80.001
97613.4	-80.0018
97701	-79.9941
97724	-79.9921
97747	-79.9817
97748.5	-79.9789
97750	-79.9756
97750.5	-79.9745
97751	-79.9756
97752.5	-79.979
97754	-79.9818
97777	-79.9924
97800	-79.9946
97887.6	-80.003
97975.2	-80.0021
98062.8	-80.0012
98150.3	-80.0008
98237.9	-80.0003
98325.5	-80.0001
98413.1	-79.9999
98500.7	-79.9999
98588.2	-80
98675.8	-80.0005
98763.4	-80.001
98851	-79.9927
98874	-79.9906
98897	-79.9803
98898.5	-79.9774
98900	-79.9742
98900.5	-79.9731
98901	-79.9742
98902.5	-79.9775
98904	-79.9804
98927	-79.9908
98950	-79.9932
99037.6	-80.0022
99125.2	-80.0015
99212.8	-80.0009
99300.3	-80.0005
99387.9	-80.0001
99475.5	-79.9999
99563.1	-79.9997
99650.7	-79.9997
99738.2	-79.9997
99825.8	-80.0001
99913.4	-80.0004
100001	-79.9916
100024	-79.9893
100047	-79.9791
100048	-79.9763
100050	-79.973
100050	-79.9719
100051	-79.973
100052	-79.9763
100054	-79.9792
100077	-79.9896
100100	-79.992
100188	-80.0015
100275	-80.0011
100363	-80.0006
100450	-80.0002
100538	-79.9999
100626	-79.9997
100713	-79.9995
100801	-79.9995
100888	-79.9995
100976	-79.9997
101063	-79.9999
101151	-79.9907
101174	-79.9883
101197	-79.9781
101198	-79.9753
101200	-79.9721
101200	-79.971
101201	-79.9721
101202	-79.9754
101204	-79.9782
101227	-79.9885
101250	-79.9911
101338	-80.001
101425	-80.0007
101513	-80.0004
101600	-80.0001
101688	-79.9998
101776	-79.9996
101863	-79.9994
101951	-79.9994
102038	-79.9994
102126	-79.9995
102213	-79.9996
102301	-79.99
102324	-79.9875
102347	-79.9774
102348	-79.9746
102350	-79.9714
102350	-79.9703
102351	-79.9714
102352	-79.9747
102354	-79.9775
102377	-79.9877
102400	-79.9904
102488	-80.0006
102575	-80.0004
102663	-80.0002
102750	-79.9999
102838	-79.9997
102926	-79.9995
103013	-79.9994
103101	-79.9993
103188	-79.9993
103276	-79.9993
103363	-79.9993
103451	-79.9895
103474	-79.9869
103497	-79.9768
103498	-79.9741
103500	-79.9708
103500	-79.9698
103501	-79.9709
103502	-79.9741
103504	-79.9769
103527	-79.9872
103550	-79.9899
103638	-80.0003
103725	-80.0002
103813	-80.0001
103900	-79.9999
103988	-79.9996
104076	-79.9995
104163	-79.9993
104251	-79.9993
104338	-79.9993
104426	-79.9993
104513	-79.9992
104601	-79.9892
104624	-79.9866
104647	-79.9765
104648	-79.9737
104650	-79.9705
104650	-79.9694
104651	-79.9705
104652	-79.9738
104654	-79.9766
104677	-79.9868
104700	-79.9896
104788	-80.0002
104875	-80.0001
104963	-80.0001
105050	-79.9998
105138	-79.9996
105226	-79.9995
105313	-79.9993
105401	-79.9993
105488	-79.9993
105576	-79.9993
105663	-79.9993
105751	-79.9892
105774	-79.9865
105797	-79.9763
105798	-79.9735
105800	-79.9703
105800	-79.9692
105801	-79.9703
105802	-79.9736
105804	-79.9764
105827	-79.9867
105850	-79.9895
105938	-80.0002
106025	-80.0001
106113	-80.0001
106200	-79.9999
106288	-79.9996
106376	-79.9995
106463	-79.9994
106551	-79.9994
106638	-79.9995
106726	-79.9995
106813	-79.9995
106901	-79.9893
106924	-79.9866
106947	-79.9763
106948	-79.9735
106950	-79.9702
106950	-79.9691
106951	-79.9702
106952	-79.9735
106954	-79.9764
106977	-79.9869
107000	-79.9897
107088	-80.0004
107175	-80.0003
107263	-80.0002
107350	-80
107438	-79.9998
107526	-79.9996
107613	-79.9995
107701	-79.9996
107788	-79.9996
107876	-79.9998
107963	-79.9999
108051	-79.9897
108074	-79.9871
108097	-79.9765
108098	-79.9736
108100	-79.9702
108100	-79.9691
108101	-79.9702
108102	-79.9736
108104	-79.9766
108127	-79.9873
108150	-79.9901
108238	-80.0007
108325	-80.0006
108413	-80.0004
108500	-80.0002
108588	-79.9999
108676	-79.9998
108763	-79.9998
108851	-79.9998
108938	-79.9999
109026	-80.0002
109113	-80.0005
109201	-79.9904
109224	-79.9878
109247	-79.9768
109248	-79.9738
109250	-79.9703
109250	-79.9691
109251	-79.9703
109252	-79.9738
109254	-79.9769
109277	-79.988
109300	-79.9907
109388	-80.0013
109475	-80.001
109563	-80.0007
109650	-80.0005
109738	-80.0002
109826	-80.0001
109913	-80.0001
110001	-80.0002
110088	-80.0004
110176	-80.0009
110263	-80.0014
110351	-79.9914
110374	-79.9888
110397	-79.9772
110398	-79.9741
110400	-79.9704
110400	-79.9692
110401	-79.9704
110402	-79.9741
110404	-79.9773
110427	-79.989
110450	-79.9917
110538	-80.0022
110625	-80.0017
110713	-80.0012
110800	-80.0009
110888	-80.0006
110976	-80.0005
111063	-80.0005
111151	-80.0007
111238	-80.001
111326	-80.0018
111413	-80.0026
111501	-79.9927
111524	-79.9901
111547	-79.9777
111548	-79.9743
111550	-79.9704
111550	-79.9691
111551	-79.9704
111552	-79.9743
111554	-79.9778
111577	-79.9903
111600	-79.9931
111688	-80.0035
111775	-80.0026
111863	-80.0018
111950	-80.0015
112038	-80.0011
112126	-80.0011
112213	-80.0011
112301	-80.0014
112388	-80.0017
112476	-80.003
112563	-80.0043
112651	-79.9945
112674	-79.9919
112697	-79.9782
112698	-79.9744
112700	-79.9701
112700	-79.9687
112701	-79.9701
112702	-79.9745
112704	-79.9782
112727	-79.9921
112750	-79.9948
112838	-80.0052
112925	-80.0039
113013	-80.0027
113100	-80.0023
113188	-80.0018
113276	-80.0018
113363	-80.0018
113451	-80.0023
113538	-80.0028
113626	-80.0047
113713	-80.0066
113801	-79.9966
113824	-79.994
113847	-79.9785
113848	-79.9743
113850	-79.9694
113850	-79.9678
113851	-79.9694
113852	-79.9743
113854	-79.9786
113877	-79.9942
113900	-79.997
113988	-80.0074
114075	-80.0056
114163	-80.0038
114250	-80.0033
114338	-80.0028
114426	-80.0028
114513	-80.0028
114601	-80.0035
114688	-80.0042
114776	-80.0068
114863	-80.0095
114951	-79.9993
114974	-79.9966
114997	-79.9785
114998	-79.9735
115000	-79.9679
115000	-79.9661
115001	-79.9661
